Summary Statistics:
Average Score: 0.37
Minimum Score: 0.00
Maximum Score: 1.00

Filename | content_preservation_score | similarities 
53e55f8d77ed7afc8eeed3c08cda8a3d_track2_infill_bars16_18_context_2_generationtime_2.0102813243865967.mid | 0.32 | [0.5, 0.5, 0.5, 0.45749571099781405, 0.4866062295823822, 0.45534784129556316, 0.36673169046225507, 0.2804955488531695, 0.18213913651822522, 0.0867304008090114, 0.0, 0.0, 0.0, 0.03724858395549113, 0.08842845432415514, 0.12269140639649934, 0.14811359233790133, 0.18452222128345874, 0.20790036306508552, 0.23772268410688802, 0.29434358718393827, 0.4255184098578271, 0.6931856696174553, 0.8968221419660001, 0.9388545250564542, 0.8174896441201265, 0.6824432473603613, 0.4619048210094576, 0.1924666763858074, 0.058421019683673525, 0.02336352095758054, 0.0]
1cd9c24caf08f649d10514b871bff713_track5_infill_bars96_98_context_2_generationtime_0.61405348777771.mid | 0.31 | [0.8728715609439694, 0.8728715609439694, 0.8728715609439696, 0.8728715609439694, 0.8728715609439694, 0.8728715609439696, 0.8728715609439694, 0.8728715609439694, 0.0, 0.0, 0.0, 0.0, 0.0, 0.2581988897471611, 0.2581988897471611, 0.2581988897471611, 0.2581988897471611, 0.2581988897471611, 0.2581988897471611, 0.2581988897471611, 0.2581988897471611, 0.2581988897471611, 0.2581988897471611, 0.2581988897471611, 0.0, 0.0, 0.0, 0.0, 0.0, 0.0, 0.0, 0.0]
a35fb2a259170f3ef51b12956eb037ad_track0_infill_bars36_38_context_2_generationtime_0.4868917465209961.mid | 0.15 | [0.0, 0.0, 0.0, 0.0, 0.0, 0.0, 0.0, 0.0, 0.0, 0.0, 0.0, 0.0, 0.0, 0.6933752452815364, 0.9128709291752769, 0.9302605094190636, 0.8574929257125441, 0.6726727939963125, 0.4678877204190328, 0.28, 0.0, 0.0, 0.0, 0.0, 0.0, 0.0, 0.0, 0.0, 0.0, 0.0, 0.0, 0.0]
9b108df374d4280df2d5086021814fe0_track2_infill_bars36_38_context_2_generationtime_0.7521920204162598.mid | 0.02 | [0.18736555080740513, 0.1485542899210337, 0.12295916191260925, 0.10484544334672918, 0.10484544334672918, 0.0, 0.0, 0.0, 0.0, 0.0, 0.0, 0.0, 0.0, 0.0, 0.0, 0.0, 0.0, 0.0, 0.0, 0.0, 0.0, 0.0, 0.0, 0.0, 0.0, 0.0, 0.0, 0.0, 0.0, 0.0, 0.0, 0.0]
87927d7bf0da3199625bce1a0bc470b4_track2_infill_bars44_46_context_2_generationtime_0.9583899974822998.mid | 0.73 | [0.9997420123265266, 0.9986001027113415, 0.9957209792845941, 0.9956507288961304, 0.995594988668006, 0.9917057372695474, 0.9874279606174642, 0.9793381637851215, 0.9574941304010117, 0.9478424008435018, 0.0, 0.0, 0.0, 0.0, 0.0, 0.4513979065707858, 0.37058900580997167, 0.4452830622572962, 0.5441007449271265, 0.612140063152513, 0.6859895223456152, 0.7637148640659553, 0.8200621639457348, 0.8742982707109382, 0.9235747431704664, 0.9616805712561852, 0.9821939505208173, 0.990147652694726, 0.9905202594923794, 0.9890562754614941, 0.9856836990840305, 0.9849090633611891]
da941c8558dce7d81292a770abceacf0_track2_infill_bars28_30_context_2_generationtime_0.6291041374206543.mid | 0.09 | [0.0, 0.0, 0.0, 0.0, 0.0, 0.0, 0.0, 0.0, 0.0, 0.0, 0.0, 0.0, 0.0, 0.0, 0.0, 0.0, 0.0, 0.0, 0.0, 0.0, 0.0, 0.0, 0.0, 0.08244114894919174, 0.15793458571378904, 0.23794160739260262, 0.31525193364560966, 0.3875567919966013, 0.40089186286863654, 0.43376642344069183, 0.4629100498862757, 0.4629100498862757]
f45851e435ae5abb6bf96f8b4b95a0e8_track2_infill_bars76_78_context_2_generationtime_0.4304323196411133.mid | 0.23 | [0.42042599031804384, 0.4324416296074818, 0.5564749056267309, 0.6636569479420448, 0.7462639594361004, 0.828115129184266, 0.8426910291193265, 0.8247203244584151, 0.7600786753717915, 0.6187154014905969, 0.42856992240439884, 0.24665800855241315, 0.09136364613867665, 0.0, 0.0, 0.0, 0.0, 0.0, 0.0, 0.0, 0.0, 0.0, 0.0, 0.0, 0.0, 0.0, 0.0, 0.0, 0.0, 0.0, 0.0, 0.0]
d2965d6947c9c89ed5eeb1f97c9889c1_track0_infill_bars36_38_context_2_generationtime_1.0066285133361816.mid | 0.63 | [0.8643730358551466, 0.8643730358551467, 0.8297603606003104, 0.8880057239335585, 0.8880057239335585, 0.8338930370828411, 0.852407550574165, 0.9107297098131891, 0.9530206138089613, 0.9530206138089613, 0.816496580927726, 0.0, 0.09136364606808423, 0.23507016711026218, 0.2504643558680132, 0.3014401840245512, 0.508137915106361, 0.6020388262856, 0.8490923432499459, 0.9026447473792416, 0.8755534095007961, 0.8338930370828411, 0.852407550574165, 0.9107297098131891, 0.9530206138089613, 0.9530206138089613, 0.816496580927726, 0.0, 0.09136364606808423, 0.10484544326715284, 0.12295916182159339, 0.1485542898151282]
dccce0bd49c1d58978b73af2202a7f58_track3_infill_bars64_66_context_2_generationtime_2.609515905380249.mid | 0.63 | [0.9911909269570927, 0.9813488203658671, 0.968798247728643, 0.9692590360770964, 0.9705839670267646, 0.960574367204173, 0.9573231724503514, 0.95819674669317, 0.954588914002725, 0.9359209573961441, 0.8879622615013324, 0.8332522065805973, 0.7533166351327367, 0.6217157513575781, 0.498865396448988, 0.5002615549049423, 0.4454924899257722, 0.4020654358200052, 0.3765689530514438, 0.3224949805888363, 0.31880408337432575, 0.3647692679239616, 0.3987851603220408, 0.3479258262335898, 0.37757997367798146, 0.40888533245415815, 0.42531348203581354, 0.44829908300740207, 0.44877348154061925, 0.4507574079119314, 0.4466775169134385, 0.47485078427509786]
97d116c3095ad1dc11b25679bfccfd71_track0_infill_bars64_66_context_2_generationtime_1.524911880493164.mid | 0.03 | [0.0, 0.0, 0.0, 0.0, 0.0, 0.0, 0.0, 0.0, 0.0, 0.0, 0.0, 0.0, 0.0, 0.0, 0.0, 0.0, 0.0, 0.0, 0.0, 0.0, 0.0, 0.0, 0.08555039649972684, 0.23229747584409854, 0.2979629198315288, 0.24908513266019905, 0.1738386216970984, 0.0, 0.0, 0.0, 0.0, 0.0]
1cd9c24caf08f649d10514b871bff713_track5_infill_bars84_86_context_2_generationtime_0.7101840972900391.mid | 0.68 | [0.816496580927726, 0.8164965809277263, 0.816496580927726, 0.816496580927726, 0.816496580927726, 0.816496580927726, 0.816496580927726, 0.816496580927726, 0.816496580927726, 0.816496580927726, 0.816496580927726, 0.7949984100429816, 0.7826494936046106, 0.7685436403685669, 0.7445942240755568, 0.7106347469010426, 0.6676166887283266, 0.6174965961437939, 0.5628302400755805, 0.5531756514186141, 0.5439926748615557, 0.5439926748615557, 0.5439926748615557, 0.5439926748615557, 0.5439926748615557, 0.5439926748615557, 0.5439926748615557, 0.5439926748615557, 0.5439926748615557, 0.5439926748615557, 0.5439926748615557, 0.5439926748615558]
274bdefb98222ee43dcd0405c99e29be_track1_infill_bars24_26_context_2_generationtime_0.7051844596862793.mid | 0.71 | [0.0, 0.0, 0.0, 0.0, 0.0, 0.0, 0.0, 0.0, 0.316227766016838, 0.8944271909999159, 0.9899494936611664, 0.9761870601839526, 0.8574929257125442, 0.9970544855015815, 0.9486832980505139, 0.9409550140984068, 0.9926692441469532, 0.9997536337076608, 1.0, 0.9384249430919414, 0.8411324624588277, 0.9701425001453318, 1.0, 1.0, 1.0, 1.0, 1.0, 1.0, 1.0, 0.9899494936611665, 0.98301950570634, 0.9996225280904235]
c84dca369309ddeba73e31a262ab53c5_track4_infill_bars44_46_context_2_generationtime_0.7727608680725098.mid | 0.78 | [1.0, 1.0, 1.0, 1.0, 1.0, 1.0, 1.0, 1.0, 1.0, 1.0, 1.0, 0.0, 0.0, 0.9999999999999999, 0.9999999999999999, 0.9999999999999999, 0.9999999999999999, 1.0, 1.0, 1.0, 1.0, 1.0, 1.0, 1.0, 1.0, 1.0, 1.0, 0.0, 0.0, 0.0, 0.0, 0.0]
4b6ae542c153e7985f36507947fbd1c0_track5_infill_bars28_30_context_2_generationtime_0.823932409286499.mid | 0.85 | [1.0, 1.0, 1.0, 1.0, 1.0, 1.0, 1.0, 1.0, 1.0, 1.0, 1.0, 1.0, 1.0, 0.9963299316138875, 0.9816496580713429, 0.9514255654933478, 0.9082482904043361, 0.8650710153416892, 0.8348469228135238, 0.8201666493045046, 0.819197874688457, 0.8096432008231428, 0.7896506282739499, 0.7501457970071237, 0.6996420848385029, 0.6721504792977214, 0.630124299496819, 0.5767019367945458, 0.5623947749024203, 0.5506759559462191, 0.528763330243799, 0.5037633016229867]
dade01fd7d213830f153d9a2308dd14b_track0_infill_bars4_6_context_2_generationtime_0.7077970504760742.mid | 0.52 | [0.0, 0.0, 0.0, 0.0, 0.0, 0.0, 0.0, 0.0, 0.0, 0.0, 0.0, 0.0, 0.0, 0.2527247323812142, 0.5299498045944883, 0.5815224641593135, 0.7071067811865476, 0.8944271909999159, 1.0, 1.0, 1.0, 1.0, 1.0, 1.0, 1.0, 1.0, 1.0, 0.9872411207126471, 0.9538444759029089, 0.9453284060177485, 0.9437126947561779, 0.9589087529477542]
3460957241faa38c8f60332dd8810359_track3_infill_bars68_70_context_2_generationtime_0.46495890617370605.mid | 0.22 | [0.8458618107901054, 0.7071067811865476, 0.5897420762370549, 0.49854314445648285, 0.4441932462292937, 0.2879695796317394, 0.1160249973988795, 0.0, 0.0, 0.08204206244789924, 0.20362524253304248, 0.3140920565659995, 0.38873357052377977, 0.5139723728493631, 0.5342033823524123, 0.5000775708910905, 0.35929366459403034, 0.245104170712927, 0.1363076731823678, 0.0, 0.0, 0.07989425940866612, 0.13609654901027846, 0.12862393885688161, 0.0, 0.0, 0.0, 0.0, 0.0, 0.0, 0.0, 0.0]
2a2d3eb8e2f1b01a654917362a2a187c_track2_infill_bars148_150_context_2_generationtime_0.3043193817138672.mid | 0.42 | [0.0, 0.0, 0.0, 0.0, 0.0, 0.13844959996990613, 0.2881247325148646, 0.4086518985423273, 0.4765103069044805, 0.4479968980671737, 0.41767832148842277, 0.386029573338587, 0.353553390541985, 0.4122105089895305, 0.4989499863125473, 0.5927789272318914, 0.6738873387329141, 0.7975662117299438, 0.8739868661161201, 0.8738367669002595, 0.8112421851441406, 0.6856622189666162, 0.5573657488586536, 0.44978013587364374, 0.37128741370302376, 0.39445823757246856, 0.4121232871102266, 0.422902495905366, 0.4264014327112209, 0.42600643361512913, 0.42426406871192857, 0.4195906791483446]
0c1944a9c650c134f65985dbff2f70a4_track1_infill_bars72_74_context_2_generationtime_0.8547768592834473.mid | 0.50 | [0.6263366201305426, 0.6271853904061272, 0.6247799054525038, 0.6256911880889724, 0.6263366201305426, 0.6263366201305426, 0.6239350855156642, 0.6239350855156642, 0.6263366201305426, 0.6263366201305426, 0.6283385283766947, 0.6283385283766947, 0.6289174993929388, 0.7327726116115745, 0.8088250854791422, 0.8283089061057065, 0.7679605920888876, 0.6657572146231623, 0.5216132610977234, 0.35957874967900005, 0.225543983844938, 0.225543983844938, 0.24880201223883702, 0.24880201223883702, 0.23901669516082635, 0.23901669516082635, 0.25491021560403193, 0.25491021560403193, 0.27721959392982354, 0.2852154273926608, 0.2667204273968078, 0.2758541599656392]
0251b2dc3cff8032a38c0e3a0a9ab40a_track0_infill_bars60_62_context_2_generationtime_0.701397180557251.mid | 0.47 | [0.45543401260945604, 0.3641876097872876, 0.3052548593884017, 0.25902414955269815, 0.22364383803770005, 0.2672587228025818, 0.2643857059635183, 0.2962251925485573, 0.39395200562222366, 0.4922711419398321, 0.5941828253244049, 0.6891626827736212, 0.7284669030843905, 0.7148804575110567, 0.7265245864665276, 0.7266284334719642, 0.6930382275295924, 0.5709707742132087, 0.3952226939906043, 0.20212416205426864, 0.1979544150226762, 0.2915375919327591, 0.270348327858563, 0.2561626198634184, 0.326369412892758, 0.43531799244830494, 0.5204713149784561, 0.6168874260591917, 0.7119021197612273, 0.6472475277296011, 0.6213335315101407, 0.6233711407427538]
deb5b1e45b960eda3cd6a1b9c6d47350_track3_infill_bars8_10_context_2_generationtime_4.428331613540649.mid | 0.02 | [0.0, 0.0, 0.0, 0.0, 0.0, 0.0, 0.0, 0.0, 0.0, 0.0, 0.0, 0.0, 0.02136919808805826, 0.07168061239703594, 0.07168061239703594, 0.07168061244382506, 0.0823696636528396, 0.09653120832431061, 0.09653120832431061, 0.09722051529085962, 0.07896732703547427, 0.0, 0.0, 0.0, 0.0, 0.0, 0.0, 0.0, 0.0, 0.0, 0.0, 0.0]
89311ace045df825ca6cf3b69938d19d_track0_infill_bars68_70_context_2_generationtime_0.6923232078552246.mid | 0.12 | [0.0, 0.0, 0.0, 0.0, 0.0, 0.0, 0.0, 0.0, 0.0, 0.0, 0.0, 0.0, 0.0, 0.28867513459481287, 0.1290994448735805, 0.0, 0.0, 0.0, 0.0, 0.0, 0.0, 0.1290994448735805, 0.28867513459481287, 0.4522670168666454, 0.4522670168666454, 0.4522670168666454, 0.4522670168666454, 0.4160251471689218, 0.3638034375544994, 0.2626128657194451, 0.13867504905630723, 0.0]
03364ec5b9c4fe07ff2ffb8242487cca_track3_infill_bars4_6_context_2_generationtime_0.3793671131134033.mid | 0.41 | [0.7071067811865475, 0.7071067811865476, 0.7071067811865475, 0.6290726586625999, 0.5620966514974752, 0.46657005799521944, 0.3422824679537746, 0.23153617990359887, 0.11302193654985793, 0.06686326780645824, 0.0, 0.0, 0.0, 0.0, 0.0, 0.0, 0.0, 0.09331401159904384, 0.2513772645346727, 0.5, 0.7397552862266418, 0.8624678791240861, 0.9238795322791504, 0.9448714170675798, 0.9675382211016779, 0.9400861071594919, 0.8944271909999159, 0.7071067805972918, 0.4472135946055307, 0.2425356244656609, 0.0, 0.0]
06b049657bcdf22d8c85f054509a17b5_track0_infill_bars44_46_context_2_generationtime_0.8497328758239746.mid | 0.47 | [0.5, 0.7559289460184545, 0.6324555320336759, 0.554700196225229, 0.5, 0.5, 0.5, 0.5, 0.5, 0.5, 0.5, 0.5, 0.5, 0.544974746945106, 0.586145048056033, 0.6106481816928606, 0.6035533904416234, 0.5604174086902126, 0.49352407931483255, 0.42071067793619266, 0.35355339059327373, 0.35355339059327373, 0.35355339059327373, 0.35355339059327373, 0.35355339059327373, 0.35355339059327373, 0.35355339059327373, 0.35355339059327373, 0.35355339059327373, 0.3922322702763681, 0.447213595499958, 0.2672612419124245]
b43dfe60a3220912634a7c9c26a63ad9_track6_infill_bars12_14_context_2_generationtime_0.8772485256195068.mid | 0.14 | [0.0, 0.0, 0.0, 0.0, 0.0, 0.0, 0.0, 0.0, 0.0, 0.0, 0.0, 0.0, 0.0, 0.0, 0.21009834207842515, 0.3144924896883863, 0.3389136222326956, 0.2665507719856428, 0.24209033055764562, 0.25731249656726973, 0.21085619180972537, 0.13726294675667372, 0.08688473951541653, 0.17160367976764412, 0.13692176417507684, 0.1244960868303635, 0.1122268836607545, 0.21293134027456673, 0.3615265308504997, 0.4309650738692137, 0.47123568422412754, 0.37265572208837905]
aa32bc368ba97e0bb0105f8ee5079c74_track4_infill_bars36_38_context_2_generationtime_1.4697821140289307.mid | 0.20 | [0.0, 0.0, 0.0, 0.0, 0.0, 0.0, 0.0, 0.0, 0.0, 0.0, 0.0, 0.0, 0.3700534379923994, 0.5807554302849244, 0.6625910619680905, 0.6704417939435173, 0.6189788406665568, 0.635058890872517, 0.6189788406665568, 0.6149430061090455, 0.555169328686252, 0.4903524336055185, 0.3233808340000054, 0.1454785934906616, 0.0, 0.0, 0.0, 0.0, 0.0, 0.0, 0.0, 0.0]
a01bf9dc3c220bbc5f04f5de8bb4ea14_track0_infill_bars12_14_context_2_generationtime_0.5092923641204834.mid | 0.43 | [0.0, 0.15478204486653424, 0.28077092560261097, 0.2827472655871486, 0.24357045574714187, 0.25420266439147277, 0.24923385614090376, 0.24357045574714187, 0.24357045574714187, 0.1424495647908255, 0.04125986407492399, 0.0, 0.0, 0.0, 0.048912698764685514, 0.14237558542599538, 0.26882808384879864, 0.47384480244672544, 0.6662031745577046, 0.8020183004409862, 0.8666413324040577, 0.9339695018220314, 0.9312855890864816, 0.9167255226716502, 0.9038504040171033, 0.8479375382041565, 0.7351632980898182, 0.679624355206995, 0.6700022702380213, 0.6459316401579686, 0.604262422986302, 0.5251813318126057]
47c4d9e0c63515b20f4b34e3e2938a9a_track2_infill_bars48_50_context_2_generationtime_0.8648331165313721.mid | 0.20 | [0.18736555080740513, 0.1811151988759554, 0.40625996026924827, 0.5762271463668265, 0.6945841023839603, 0.45841117060159386, 0.6073071061085211, 0.5895211930233922, 0.5237538314066541, 0.5272803916149463, 0.32599004435592394, 0.14586196019542552, 0.0, 0.0, 0.0, 0.04861976551445546, 0.16133566877784766, 0.18095009354026592, 0.19685736717143443, 0.2346811998320022, 0.2150139511442518, 0.15163010138149835, 0.1086120059110981, 0.02561355696973866, 0.0, 0.0, 0.0, 0.0, 0.0, 0.0, 0.0, 0.0]
803677084e775b32d25ea2d8314975a3_track0_infill_bars28_30_context_2_generationtime_0.8584275245666504.mid | 0.13 | [0.0, 0.0, 0.0, 0.0, 0.0, 0.0, 0.0, 0.0, 0.0, 0.0, 0.0, 0.7071067811865475, 0.7071067811865475, 0.6324555320336758, 0.5, 0.3922322702763681, 0.3922322702763681, 0.3162277660168379, 0.2626128657194451, 0.11624763874381927, 0.0, 0.10482848367219177, 0.11952286093343933, 0.0, 0.0, 0.0, 0.0, 0.0, 0.0, 0.0, 0.0, 0.0]
5c64b2fd2ee3ab7148fbd07a8cc26f63_track2_infill_bars8_10_context_2_generationtime_0.9938979148864746.mid | 0.21 | [0.0, 0.0, 0.0, 0.0, 0.0, 0.0, 0.0, 0.0, 0.0, 0.0, 0.0, 0.28867513459481287, 0.28867513459481287, 0.28867513459481287, 0.2699440822102639, 0.2853697937287951, 0.2952525864801385, 0.30210897188916797, 0.38869418462663985, 0.38869418462663985, 0.40501476970997974, 0.40501476970997974, 0.3426036231953943, 0.3426036231953943, 0.3426036231953943, 0.3426036231953943, 0.27357999903010943, 0.27357999903010943, 0.324835750930373, 0.29061994523336143, 0.2735838483645241, 0.20436498698087235]
c67b3046962d58921601d9a4d8b116db_track2_infill_bars8_10_context_2_generationtime_0.5137722492218018.mid | 0.44 | [0.0, 0.0, 0.0, 0.0, 0.7071067811865476, 1.0, 0.9999999999999999, 0.9822902576991375, 0.9523198085146832, 0.9238795322791504, 0.900015716466855, 0.874932306686538, 0.8119247865210342, 0.734043965032758, 0.6423318222812316, 0.6054041624825374, 0.5585904810645665, 0.4955240225271943, 0.4395280525018497, 0.36071099487461633, 0.27669793906147455, 0.19166229563263038, 0.11030881486358401, 0.04080479303416762, 0.04050735422931406, 0.082229134668383, 0.1275437650821285, 0.16857550400401222, 0.21113346224944396, 0.2385949343375232, 0.2712259407584008, 0.3098045217942751]
4abcda6cd05a0e414d07eabaa6c71e99_track3_infill_bars52_54_context_2_generationtime_0.5611200332641602.mid | 0.44 | [0.0, 0.0, 0.0, 0.0, 0.0, 0.0, 0.0, 0.0, 0.0, 0.0, 0.0, 0.0, 0.0, 0.7071067811865476, 0.7071067811865476, 0.7071067811865476, 0.7071067811865476, 0.5, 0.5, 0.6666666666666667, 0.6666666666666667, 0.5, 0.5, 0.5, 0.5, 0.9238795327434232, 0.9238795327434232, 1.0, 1.0, 1.0, 1.0, 0.9999999999999999]
efd7a2065c40efc9d3063dabb42a3bf0_track3_infill_bars72_74_context_2_generationtime_0.3748786449432373.mid | 0.15 | [0.0, 0.0, 0.0, 0.0, 0.0, 0.0, 0.0, 0.0, 0.0, 0.0, 0.0, 0.0, 0.0, 0.0, 0.0, 0.0, 0.0, 0.0, 0.0, 0.0, 0.0, 0.0, 0.0, 0.0, 0.0, 0.22360679774997894, 0.5, 0.7071067811865475, 0.8164965809277261, 0.8164965809277261, 0.816496580927726, 0.9428090415820634]
d0dee92c7fe81a74ae27b1e46e92b550_track2_infill_bars16_18_context_2_generationtime_0.4234480857849121.mid | 0.39 | [0.653281482274043, 0.6101314767096958, 0.6101314767096958, 0.6101314767096959, 0.6101314767096959, 0.0, 0.0, 0.0, 0.0, 0.0, 0.0, 0.0, 0.0, 0.5, 0.5, 0.5, 0.5, 0.2705980504693801, 0.2705980504693801, 0.2705980504693801, 0.2705980504693801, 0.2705980504693801, 0.5000000000000001, 0.5000000000000001, 0.5000000000000001, 0.6101314767096959, 0.653281482274043, 0.653281482274043, 0.653281482274043, 0.6841528371981656, 0.653281482274043, 0.653281482274043]
d35c79d133d6e6e633fa71d215da64b3_track1_infill_bars32_34_context_2_generationtime_1.0339453220367432.mid | 0.77 | [0.6864064729836442, 0.6709830176209821, 0.653041303084732, 0.71725258132475, 0.7720341796117252, 0.8256742750370649, 0.8746040712505994, 0.9136329054237712, 0.9627792794289751, 0.9915602519101198, 1.0, 0.9992687705551421, 0.9973401729414685, 0.9909449889337307, 0.9690646873784683, 0.9248337154805445, 0.856525446886935, 0.7728016233416798, 0.6894078846857309, 0.6527842266751429, 0.617574308207744, 0.6343912081191597, 0.6430886646486156, 0.641144070441938, 0.6300067565341045, 0.6137419408196647, 0.5962847939999438, 0.6413952762188633, 0.6843380977480688, 0.6962543380158609, 0.7118114560265689, 0.7328956430210625]
0f74cf4c9fc5d7169c63fa2b7e640e82_track1_infill_bars12_14_context_2_generationtime_0.49094390869140625.mid | 0.00 | [0.0, 0.0, 0.0, 0.0, 0.0, 0.0, 0.0, 0.0, 0.0, 0.0, 0.0, 0.0, 0.0, 0.0, 0.0, 0.0, 0.0, 0.0, 0.0, 0.0, 0.0, 0.0, 0.0, 0.0, 0.0, 0.0, 0.0, 0.0, 0.0, 0.0, 0.0, 0.0]
477ee27a5f02a45b8a46e5158fc68f4a_track2_infill_bars4_6_context_2_generationtime_0.9269545078277588.mid | 0.65 | [0.0, 0.5249637684943957, 0.5238252961191487, 0.5636995187837684, 0.592342545681243, 0.6227946911197706, 0.650989287109966, 0.6781825195080616, 0.7019402304757232, 0.7194224618592664, 0.7385489458759965, 0.6801020869326605, 0.5842110824910773, 0.5370639008876203, 0.4671802400175509, 0.4532370853960299, 0.4245816623678358, 0.5766769765942976, 0.6736631428493761, 0.6859098673948922, 0.6350589643233006, 0.6119690329840589, 0.5745940087927418, 0.6797867265918838, 0.7159967576272853, 0.7542530228977874, 0.7720294992065445, 0.8688309337914688, 0.9155438660576042, 0.9342776636699052, 0.9449385724147688, 0.9663239651710578]
54d588ad88b6cdff881ffeba9e27b627_track7_infill_bars12_14_context_2_generationtime_0.7576749324798584.mid | 0.07 | [0.0, 0.0, 0.0, 0.24253562503633297, 0.44721359549995787, 0.5345224838248487, 0.5773502691896258, 0.5345224838248488, 0.0, 0.0, 0.0, 0.0, 0.0, 0.0, 0.0, 0.0, 0.0, 0.0, 0.0, 0.0, 0.0, 0.0, 0.0, 0.0, 0.0, 0.0, 0.0, 0.0, 0.0, 0.0, 0.0, 0.0]
83702541c2a0029107f20935b81763df_track6_infill_bars40_42_context_2_generationtime_1.3950045108795166.mid | 0.42 | [0.0, 0.0, 0.0, 0.0, 0.0, 0.08215909481495631, 0.17975711642532566, 0.28195760064458675, 0.36860083221523876, 0.4117917295754552, 0.4102052270842901, 0.37611412733932503, 0.37314168141880555, 0.38848724181441485, 0.4063538772948021, 0.4248609387633857, 0.4412025891656719, 0.4530458880837114, 0.4400136315387545, 0.48432079279835727, 0.5147156663432241, 0.567891766703259, 0.6122057022855678, 0.6449745783249812, 0.6648518594837844, 0.6701534588684452, 0.661160080525679, 0.6706082734746227, 0.7272611701166075, 0.7328465591797519, 0.7389006355684253, 0.7445956438277094]
a2f1173c70791b148884fd470f63ee11_track3_infill_bars28_30_context_2_generationtime_0.27079010009765625.mid | 0.55 | [1.0, 1.0, 1.0, 1.0, 1.0, 1.0, 1.0, 1.0, 1.0, 1.0, 1.0, 1.0, 1.0, 0.9899494936611665, 0.9486832980505138, 0.8574929257125442, 0.7071067811865475, 0.5144957554275265, 0.316227766016838, 0.14142135623730945, 0.0, 0.0, 0.0, 0.0, 0.0, 0.0, 0.0, 0.0, 0.0, 0.0, 0.0, 0.0]
4ee63666af946885ea654bb0db1cd957_track3_infill_bars60_62_context_2_generationtime_0.44578027725219727.mid | 0.19 | [0.0, 0.0, 0.0, 0.0, 0.0, 0.6841528373261503, 0.5897420762370549, 0.8335843074232662, 0.9419217682871927, 0.7427932645570601, 0.5270612968684965, 0.36983737044054754, 0.3648134431829295, 0.4213442713927127, 0.4419460467988128, 0.18341355829545547, 0.0, 0.0, 0.0, 0.0, 0.0, 0.0, 0.0, 0.0, 0.0, 0.0, 0.0, 0.0, 0.0, 0.0, 0.0, 0.0]
bd2d547021928d8660c7591bc91e247c_track0_infill_bars8_10_context_2_generationtime_1.2225069999694824.mid | 0.45 | [0.7743806132887783, 0.7580140712069358, 0.7762503743616589, 0.7644913689164766, 0.7769522705596577, 0.7458846613389397, 0.6977856905853972, 0.6755828294715563, 0.6431627732524828, 0.5834801641590114, 0.5009537452009436, 0.4427757424731493, 0.3930230860576943, 0.42400285192175957, 0.4241918917633203, 0.43917123786060697, 0.4582899418286681, 0.5356427534873168, 0.5666245623407845, 0.6072538624190854, 0.6172133998483676, 0.0, 0.0, 0.0, 0.0, 0.0, 0.0, 0.3085399181816777, 0.26785541198063656, 0.3107810316133358, 0.3679152022531984, 0.44543341142237725]
916158391ff2c740e530d03fb4efd0c0_track3_infill_bars16_18_context_2_generationtime_0.5976834297180176.mid | 0.11 | [0.0, 0.0, 0.0, 0.0, 0.0, 0.0, 0.0, 0.0, 0.0, 0.0, 0.0, 0.13428464037074084, 0.28341297533984466, 0.2685692807414817, 0.24057531968508472, 0.217225122536848, 0.0, 0.0, 0.0, 0.0, 0.0, 0.0, 0.0, 0.0, 0.0, 0.0, 0.0, 0.0, 0.675278651140638, 0.6752786511406381, 0.6752786511406381, 0.4999999998743687]
77adb05ae2af2a80e84a23cd745e091a_track0_infill_bars16_18_context_2_generationtime_0.5529046058654785.mid | 0.16 | [0.408248290463863, 0.40824829046386313, 0.30151134457776363, 0.28867513459481287, 0.2581988897471612, 0.0, 0.0, 0.0, 0.0, 0.0, 0.0, 0.0, 0.0, 0.0, 0.0, 0.0, 0.0, 0.0, 0.0, 0.0, 0.0, 0.0, 0.0, 0.0, 0.1643989873053573, 0.7999999999999999, 0.5773502691896258, 0.408248290463863, 0.408248290463863, 0.408248290463863, 0.408248290463863, 0.408248290463863]
02b71622ab3ce83ae5c4300575def96b_track4_infill_bars4_6_context_2_generationtime_0.8401045799255371.mid | 0.21 | [0.0, 0.0, 0.0, 0.0, 0.0, 0.0, 0.0, 0.0, 0.0, 0.0, 0.0, 0.0, 0.0, 0.8439666098410273, 0.8439666098410273, 0.9199594082681389, 0.9622504486493765, 0.9428090415820634, 0.7745966692414834, 0.816496580927726, 0.5773502691896257, 0.0, 0.0, 0.0, 0.0, 0.0, 0.0, 0.0, 0.0, 0.0, 0.0, 0.0]
803677084e775b32d25ea2d8314975a3_track0_infill_bars16_18_context_2_generationtime_0.7497472763061523.mid | 0.52 | [0.0, 1.0, 1.0, 1.0, 1.0, 0.9302605094190636, 0.7442084075352506, 0.5, 0.3162277660168379, 0.47809144373375734, 0.5976143046671968, 0.6666666666666666, 0.6324555320336758, 0.7171371656006361, 0.7171371656006361, 0.7999999999999999, 0.8304547985373997, 0.7155417527999327, 0.5366563145999496, 0.4385290096535146, 0.44721359549995787, 0.681385143869247, 0.7745966692414834, 0.5669467095138407, 0.3721042037676253, 0.16666666666666663, 0.0, 0.0, 0.0, 0.0, 0.0, 0.0]
9c991630073c3b6782dfa51ff9e55441_track7_infill_bars56_58_context_2_generationtime_0.5920326709747314.mid | 0.23 | [1.0, 1.0, 0.9924117313402481, 0.9580581544909994, 0.903508617647973, 0.803563536680181, 0.6480013034018672, 0.49308112330148623, 0.3038906309846807, 0.11629390994518496, 0.0, 0.0, 0.0, 0.0, 0.0, 0.0, 0.0, 0.0, 0.0, 0.0, 0.0, 0.0, 0.0, 0.0, 0.0, 0.0, 0.0, 0.0, 0.015829444891426125, 0.0, 0.0, 0.0]
45b7510e95884fe57d1f80df13e4f206_track2_infill_bars8_10_context_2_generationtime_1.03483247756958.mid | 0.58 | [1.0, 0.9979645374399857, 0.9979645374399859, 0.9985900327070759, 0.9989660702910046, 0.9989660702910046, 0.9989660702910046, 0.9989660702910046, 0.9989660702910046, 1.0, 1.0, 0.9863939238321437, 0.9284766908852595, 0.8664389518403225, 0.7871915393584198, 0.6632650146843032, 0.5123321907046501, 0.3602076245185315, 0.3602076245185315, 0.3895709644506291, 0.3993042909330766, 0.3999999999999999, 0.4, 0.4, 0.0, 0.0, 0.0, 0.0, 0.0, 0.0, 0.0, 0.0]
3436ddbebeb87e378dee96cd2236ae27_track0_infill_bars24_26_context_2_generationtime_0.6089518070220947.mid | 0.32 | [0.0, 0.0, 0.0, 0.0, 0.0, 0.0, 0.0, 0.0, 0.0, 0.0, 0.0, 0.5597922207714303, 0.8358422059374799, 0.8047886058411159, 0.6435490261748422, 0.46505357987191287, 0.3349629444148092, 0.29923962228307066, 0.2974362185572319, 0.3269608961025984, 0.284172830638894, 0.35962998149036585, 0.5015145611417708, 0.6333917694458814, 0.6992737787526855, 0.6981903873622426, 0.6445222528665027, 0.5855218484518229, 0.5375709434354281, 0.44468231327678165, 0.25081798177592574, 0.0]
aee0576e0bed4ec4d27950ff60b6e737_track0_infill_bars104_106_context_2_generationtime_0.8529319763183594.mid | 0.11 | [0.0, 0.0, 0.0, 0.0, 0.0, 0.0, 0.0, 0.0, 0.0, 0.0, 0.0, 0.0, 0.0, 0.2581988897471611, 0.20658574373489247, 0.20231916546027084, 0.2148537389313937, 0.23687262519210484, 0.27839728561480903, 0.16037713168875356, 0.040822100211895807, 0.06541892597693, 0.09013080282804042, 0.10609875850503736, 0.11419781886180647, 0.2278112585364993, 0.31888064475368993, 0.2671767867706196, 0.19250703537538605, 0.18203638483240547, 0.1585726539066541, 0.0997628201637204]
440aae3f40596788c997eae09659225e_track1_infill_bars24_26_context_2_generationtime_0.7152388095855713.mid | 0.15 | [0.5298631814513117, 0.5579436273110164, 0.5453520445878537, 0.584994615331517, 0.6136359626061514, 0.6136359626061514, 0.0, 0.0, 0.0, 0.0, 0.0, 0.0, 0.0, 0.0, 0.0, 0.0, 0.2539493923159526, 0.1861854148742833, 0.1493758244044463, 0.07164926940087601, 0.0, 0.0, 0.0, 0.0, 0.0, 0.04434615728306601, 0.10021405677505268, 0.10970995485855739, 0.12727138657551917, 0.14419402019958583, 0.1616169246716378, 0.14763343077311575]
9b5cde3bdaf2ba9a08ef0cf8ab567434_track2_infill_bars4_6_context_2_generationtime_0.7378895282745361.mid | 0.36 | [0.15448783645986364, 0.17967022758239648, 0.18372657193816555, 0.17575033640449556, 0.16284195230022802, 0.1568660770292596, 0.12309149097933281, 0.059131239598908314, 0.0, 0.0, 0.0, 0.04891159880445184, 0.09534625892455928, 0.28022434383798744, 0.48747516561463144, 0.659181787956481, 0.7345388248093022, 0.6987918447946561, 0.5928679723119751, 0.4602695848241376, 0.33352351728232943, 0.3432562536580466, 0.35010615688103663, 0.38165884288969343, 0.40064005847620865, 0.41163259432113253, 0.42546862128688745, 0.5527841900785173, 0.7439190011541975, 0.7578184481606737, 0.7703591202331426, 0.81622340541319]
63875a7d42ab005e39e6eea057f4c9d1_track0_infill_bars12_14_context_2_generationtime_0.2368927001953125.mid | 0.67 | [1.0, 0.9411764705882354, 0.7999999999999999, 0.7619047619047619, 0.6666666666666667, 0.6666666666666667, 0.6666666666666667, 0.6666666666666667, 0.6666666666666667, 0.6963106238227914, 0.6666666666666667, 0.6963106238227914, 0.6666666666666667, 0.6666666666666667, 0.6666666666666667, 0.6666666666666667, 0.6666666666666667, 0.7727272727272726, 0.6666666666666667, 0.7727272727272727, 0.6666666666666667, 0.6666666666666667, 0.6666666666666667, 0.6666666666666667, 0.6666666666666667, 0.6963106238227914, 0.6666666666666667, 0.6963106238227914, 0.6666666666666667, 0.5294117647058825, 0.33333333333333326, 0.11111111111111116]
4dc86a98ae6abda8527c7c0ca7cbb460_track0_infill_bars76_78_context_2_generationtime_0.48593902587890625.mid | 0.65 | [1.0, 1.0, 1.0, 1.0, 1.0, 0.9731236800896225, 0.9036961137243361, 0.8743828987024587, 0.8164965801305717, 0.8164965801305717, 0.8164965801305717, 0.8164965801305717, 0.8164965801305717, 0.8743828987024589, 0.9036961137243361, 0.9394341068239727, 0.8813047728020955, 0.8756792044230786, 0.857730878334996, 0.8105532551186901, 0.696923425223772, 0.6589999271998503, 0.6708203930534582, 0.699999999958995, 0.0, 0.0, 0.0, 0.0, 0.0, 0.0, 0.0, 0.0]
4132c41b7161d404f942589fd461084d_track3_infill_bars96_98_context_2_generationtime_0.8262290954589844.mid | 0.28 | [0.0, 0.0, 0.0, 0.0, 0.0, 0.0, 0.0, 0.0, 0.0, 0.0, 0.7231067739630148, 0.5780767111466377, 0.4041161534597342, 0.4238695302836222, 0.44119503545585814, 0.5317480572168182, 0.7044389437393366, 0.8538377110339559, 0.9429072723445684, 0.9823594657866672, 0.0, 0.0, 0.0, 0.07983776336853454, 0.24431423260207352, 0.24433146781392034, 0.25061610863391215, 0.2625753940458302, 0.2653513301978382, 0.30551343502873585, 0.35291470403830627, 0.26245374401616406]
232df3507c71ad0dac32dde7977370e6_track1_infill_bars64_66_context_2_generationtime_0.6163196563720703.mid | 0.67 | [1.0, 1.0, 1.0, 1.0, 1.0, 1.0, 1.0, 1.0, 1.0, 1.0, 1.0, 1.0, 1.0, 1.0, 1.0, 1.0, 1.0, 0.9805806756909202, 0.9128709291752769, 0.80860754006264, 0.7071067811865476, 0.558156305651438, 0.28867513459481287, 0.062017367294604275, 0.0, 0.0, 0.0, 0.0, 0.0, 0.0, 0.0, 0.0]
2d6e9ba380a09c6ed9a91cc01f3fb54f_track2_infill_bars120_122_context_2_generationtime_0.6573877334594727.mid | 0.56 | [0.0, 0.0, 0.0, 0.0, 0.0, 0.0, 0.0, 0.0, 0.0, 0.0, 0.0, 0.0, 0.0, 0.7994811647937916, 0.7994811647937916, 0.7994811647937916, 0.9110951155855692, 0.9654210085825033, 0.9822902576991374, 0.9958175958298018, 1.0, 1.0, 1.0, 1.0, 1.0, 1.0, 0.9986317078435816, 0.9891555976537735, 0.9650353450992156, 0.9596987107457455, 0.9560511896847054, 0.9394554418886755]
ba16e35a3ee0b37b9f038c3792e47e92_track0_infill_bars8_10_context_2_generationtime_0.5715036392211914.mid | 0.43 | [0.0, 0.10846522890932808, 0.19999999999999996, 0.2683281572999747, 0.26311740579210874, 0.2860387767736776, 0.2860387767736776, 0.30000000000000004, 0.2860387767736776, 0.19069251784911845, 0.08770580193070288, 0.0, 0.0, 0.20805136794224133, 0.394178061396143, 0.5431236301174652, 0.576556660197055, 0.45762461674944066, 0.3629330931556488, 0.1764339621485801, 0.17541160386140575, 0.3813850356982369, 0.5720775535473553, 0.7016464154456232, 0.7669649888473704, 0.848528137423857, 0.8854377448471462, 0.8944271909999157, 0.8944271909999157, 0.8944271909999157, 0.8944271909999157, 0.8944271909999159]
c47f2728695a9622bf6e1537aa34d34a_track2_infill_bars80_82_context_2_generationtime_1.3042716979980469.mid | 0.50 | [0.07782906921429456, 0.05493814111083839, 0.2422765047695462, 0.24157981595451283, 0.22948664494231985, 0.49220760350728154, 0.73854894536827, 0.8068917483885257, 0.6073967441743527, 0.3965078617941322, 0.42402760324947675, 0.36845039351342257, 0.18608193385926697, 0.2802160765002608, 0.3495757896368412, 0.3382888766103792, 0.24428527730228233, 0.07443012728249088, 0.0, 0.140548154696027, 0.2610491414765155, 0.48450814209979054, 0.7019597085537387, 0.8577308777843933, 0.9380454724230275, 0.9187471042217461, 0.9110951158878354, 0.9373428057453536, 0.9486832980505138, 0.9284766908852593, 0.894427190999916, 0.8320502943378438]
de97035bf50859e7a593becc061ff37c_track1_infill_bars44_46_context_2_generationtime_1.0926411151885986.mid | 0.68 | [0.4, 0.4, 0.3999999999999999, 0.49701948771046967, 0.5659511831932645, 0.5659511831932645, 0.5659511831932645, 0.5659511831932645, 0.5659511831932645, 0.5659511831932645, 0.5455938879455194, 0.5977388636322477, 0.6159279731239992, 0.6797456666387968, 0.7582885345388288, 0.8281903153381491, 0.8576611546037042, 0.8403129068532562, 0.7957924504305633, 0.8192147543323263, 0.8231535667707871, 0.8231535667707871, 0.7921138980351384, 0.7921138980351384, 0.8510042738578302, 0.8510042738578302, 0.8202768275624155, 0.8089262318824991, 0.7358609531220343, 0.7060292939462602, 0.7407077117274602, 0.6955750998341454]
fe49605e19507e4e5c651cfe911476ec_track2_infill_bars8_10_context_2_generationtime_0.30519866943359375.mid | 1.00 | [1.0, 1.0, 1.0, 1.0, 1.0, 1.0, 1.0, 1.0, 1.0, 1.0, 1.0, 1.0, 1.0, 1.0, 1.0, 1.0, 1.0, 1.0, 1.0, 1.0, 1.0, 1.0, 1.0, 1.0, 1.0, 1.0, 1.0, 1.0, 1.0, 1.0, 1.0, 1.0]
a8cda3920174d795a86422b1dc00802c_track1_infill_bars44_46_context_2_generationtime_0.965378999710083.mid | 0.31 | [0.6941072615485854, 0.6548252961958002, 0.5598787276473446, 0.4828985375070429, 0.42157595019644645, 0.2912086588831032, 0.19068338538738927, 0.0828278888439643, 0.027469568237229125, 0.0, 0.0, 0.0, 0.0, 0.0, 0.061266203337710046, 0.07259612010121352, 0.1958209898636295, 0.33061017188436725, 0.46461764757494295, 0.4955479848111597, 0.5343966760113316, 0.481311839746678, 0.4026693137376909, 0.40675743188522095, 0.4917244531190652, 0.4511001667314396, 0.6077812626269453, 0.816496580927726, 0.7071067811865475, 0.0, 0.0, 0.0]
f05a19930b985b4a127b95acb51e5603_track1_infill_bars28_30_context_2_generationtime_0.3329153060913086.mid | 0.18 | [0.8270715537773902, 0.8043046494351066, 0.7886863221008081, 0.7773465061214913, 0.7071067815237376, 0.5620966514974752, 0.47580996603514825, 0.38268343292551665, 0.28548597986339885, 0.18736555068548533, 0.09451596355188929, 0.0, 0.0, 0.0, 0.0, 0.0, 0.0, 0.0, 0.0, 0.0, 0.0, 0.0, 0.0, 0.0, 0.0, 0.0, 0.0, 0.0, 0.0, 0.0, 0.0, 0.0]
e537f2efaf434f29d889fd186c9d3975_track10_infill_bars88_90_context_2_generationtime_0.6922428607940674.mid | 0.59 | [0.5246678744815032, 0.6605211079503606, 0.6534236317892639, 0.6214277201139071, 0.6221465801746138, 0.598891840699278, 0.598891840699278, 0.6234021880177655, 0.6234021880177655, 0.5187418211750777, 0.5187418211750777, 0.5187418211750777, 0.5187418211750777, 0.5128870586040618, 0.5091482050178301, 0.6156686824893278, 0.610786265493461, 0.601099922230998, 0.5868200436552811, 0.5684647710340478, 0.5467828159227475, 0.6767596457369811, 0.6767596457369811, 0.5475100542032698, 0.5475100542032698, 0.5475100542032698, 0.5475100542032698, 0.6767596457369811, 0.6747734435329998, 0.570986831697749, 0.5956342602753192, 0.6114234998951801]
f1a239164b5bfd08f7e15dbfeea384b7_track3_infill_bars8_10_context_2_generationtime_0.6174039840698242.mid | 0.16 | [0.8724912007280414, 0.8601029462120848, 0.9067345827635651, 0.8702793967044052, 0.7966878150690192, 0.7423472645075323, 0.0, 0.0, 0.0, 0.0, 0.0, 0.0, 0.0, 0.0, 0.0, 0.0, 0.0, 0.0, 0.0, 0.0, 0.0, 0.0, 0.0, 0.0, 0.0, 0.0, 0.0, 0.0, 0.0, 0.0, 0.0, 0.0]
a0a6046da9f5705dc0be866922fd0d22_track5_infill_bars52_54_context_2_generationtime_1.3087990283966064.mid | 0.27 | [0.0, 0.0, 0.0, 0.0, 0.0, 0.0, 0.0, 0.0, 0.0, 0.0, 0.0, 0.0, 0.10504374563609675, 0.23711223756737032, 0.4147245080831752, 0.4921047668844305, 0.5930443098861705, 0.6783080520791077, 0.7148349372344042, 0.7034463323135799, 0.6852590119322163, 0.7041493748439556, 0.6395455213766431, 0.6222695081100478, 0.5806807896466584, 0.5378282412569905, 0.44791218791962195, 0.3003008173854357, 0.13805948124494505, 0.0, 0.0, 0.0]
2e11f9b8f3f7596b2188ab16541f30db_track5_infill_bars4_6_context_2_generationtime_0.5567076206207275.mid | 0.41 | [0.1987568537295833, 0.16446442460072885, 0.1342846404132948, 0.11629390990833222, 0.1107032312549503, 0.0, 0.0, 0.0, 0.0, 0.0, 0.0, 0.26536300789999867, 0.5301660591931605, 0.41189606126659517, 0.37105868746957094, 0.4277061287739682, 0.4564894146911167, 0.5438166850714721, 0.5155256873786985, 0.4789156300086487, 0.5070889745502842, 0.4694791859717049, 0.5300146120303844, 0.6194635437311695, 0.7470632037170262, 0.896003423297453, 0.9516814616615701, 0.919020099402154, 0.8362569343798627, 0.7573383821331432, 0.6260922733464073, 0.5434756271809827]
45d8bfaf78fd128bc5c28a7b855b0fa7_track3_infill_bars100_102_context_2_generationtime_3.5685012340545654.mid | 0.41 | [0.7071067811865476, 0.8320502943378437, 0.8944271909999157, 0.8728715609439696, 0.8728715609439697, 0.8728715609439694, 0.8728715609439697, 0.9622504486493761, 0.0, 0.0, 0.0, 0.0, 0.0, 0.816496580927726, 0.7715167498104596, 0.7715167498104598, 0.8574929257125443, 0.6859943405700354, 0.6666666666666667, 0.5303300858899106, 0.35355339059327373, 0.3754696307413191, 0.34320323649182205, 0.16898159235484367, 0.0, 0.0, 0.0, 0.0, 0.0, 0.0, 0.0, 0.0]
e7b4d0139e3f9591742fb64d8c4244db_track0_infill_bars4_6_context_2_generationtime_0.46566176414489746.mid | 0.34 | [0.0, 0.0, 0.0, 0.0, 0.0, 0.0, 0.0, 0.0, 0.0, 0.0, 0.0, 0.14142135623730945, 0.316227766016838, 0.7071067811865475, 0.8944271909999159, 0.9647638212377321, 0.9899494936611664, 0.9899494936611664, 0.9899494936611664, 0.9946917938265514, 1.0, 0.9999999999999999, 1.0, 1.0, 0.0, 0.0, 0.0, 0.0, 0.0, 0.0, 0.0, 0.0]
3df2d68601ee2d810ca05ac61c0cd5e8_track11_infill_bars68_70_context_2_generationtime_0.3977186679840088.mid | 0.34 | [0.0, 0.0, 0.0, 0.14485627571170856, 0.33323984271162155, 0.49789615760497874, 0.8314288058697424, 0.9770833209723434, 0.9654892784565191, 0.8179021110636917, 0.5284818909555743, 0.2374525805464911, 0.08824615849140616, 0.08950062639278278, 0.24835683894096772, 0.4175014663864923, 0.5192164554929752, 0.6633580811567779, 0.4778692960874811, 0.19958998582348986, 0.0713394319507693, 0.0, 0.0, 0.0, 0.0, 0.0, 0.1713196298467593, 0.3713906763541037, 0.4442616582959371, 0.4432963206260697, 0.547949029477183, 0.694365074746751]
482189928cebf644354f30ea8b21521b_track6_infill_bars24_26_context_2_generationtime_5.41378116607666.mid | 0.00 | [0.0, 0.0, 0.0, 0.0, 0.0, 0.0, 0.0, 0.0, 0.0, 0.0, 0.0, 0.0, 0.0, 0.0, 0.0, 0.0, 0.0, 0.0, 0.0, 0.0, 0.0, 0.0, 0.0, 0.0, 0.0, 0.0, 0.0, 0.0, 0.0, 0.0, 0.0, 0.0]
8276d5083e6c88fda281b8a44486f8a9_track0_infill_bars48_50_context_2_generationtime_0.4965338706970215.mid | 0.09 | [0.0, 0.0, 0.0, 0.0, 0.0, 0.0, 0.0, 0.0, 0.0, 0.0, 0.0, 0.16222142113076254, 0.0, 0.4564354652560727, 0.4961389386474653, 0.39467610880376114, 0.25048971647721663, 0.11248031767913291, 0.0, 0.0, 0.06682129337331466, 0.08688948922313544, 0.10485334258022916, 0.11431370709637911, 0.11265406631601305, 0.1224635697872265, 0.12604370541348864, 0.15751953507998318, 0.0, 0.0, 0.0, 0.0]
db980d99809d7a540d56c2828e828713_track2_infill_bars48_50_context_2_generationtime_0.4190058708190918.mid | 0.67 | [0.4, 0.4, 0.4, 0.3999999999999999, 0.3999999999999999, 0.3999999999999999, 0.3999999999999999, 0.3999999999999999, 0.3999999999999999, 0.3999999999999999, 0.3999999999999999, 0.3999999999999999, 0.3999999999999999, 0.44742280037623217, 0.4567354961280694, 0.5521139189930033, 0.6863083370166936, 0.8244700767404946, 0.920732723449636, 0.9699737925173871, 0.9759952329002234, 0.9626407924549203, 0.9606433588743776, 0.9606433588743776, 0.9606433588743776, 0.9723426582081037, 0.9759952329002234, 0.9387623407517858, 0.9323243221945133, 0.9275010985722943, 0.9193118147947572, 0.9032028248724275]
4a9a35202940b13d12a0777276891143_track3_infill_bars112_114_context_2_generationtime_0.5984659194946289.mid | 0.22 | [0.0, 0.0, 0.0, 0.0, 0.0, 0.0, 0.0, 0.0, 0.0, 0.0, 0.0, 0.0, 0.0, 0.18905149909756847, 0.15546178755232454, 0.11767423104416885, 0.1654380594304582, 0.19048404611303338, 0.3324107344860179, 0.4233229988890983, 0.4567562181198639, 0.4440833264041829, 0.399754045365862, 0.3840358090360274, 0.2668385455806076, 0.22985042217622265, 0.34158620999887845, 0.583778615160417, 0.583778615160417, 0.6130057052443516, 0.6065657089165225, 0.5773502691896258]
78eba37219ffb7ec0a2da27d455badd3_track3_infill_bars36_38_context_2_generationtime_0.8338258266448975.mid | 0.37 | [0.38268343292551665, 0.33039967193577324, 0.45820611691522717, 0.46772122255238546, 0.48024785731376596, 0.4360815998753724, 0.39207460157888274, 0.39914064576054153, 0.4129340909334298, 0.5536099743571901, 0.6529230034269246, 0.694568664863551, 0.7071067811865476, 0.762000762001143, 0.8017837257372732, 0.816496580927726, 0.8017837257372733, 0.7620007620011431, 0.7071067811865476, 0.7071067811865475, 0.0, 0.0, 0.0, 0.0, 0.0, 0.0, 0.0, 0.0, 0.0, 0.0, 0.0, 0.0]
cdd90f4a57359bca6cb85f0ff7948143_track8_infill_bars80_82_context_2_generationtime_0.861910343170166.mid | 0.33 | [0.38268343292551665, 0.4576523898257625, 0.5054494655809734, 0.5382749718968841, 0.5620966514974752, 0.5620966514974752, 0.6395455214696738, 0.6395455214696738, 0.7071067811865475, 0.7071067811865475, 0.7071067811865475, 0.7071067811865475, 0.6395455214696739, 0.6395455214696738, 0.5620966514974752, 0.5620966514974752, 0.47580996603514825, 0.0, 0.0, 0.0, 0.0, 0.0, 0.0, 0.0, 0.0, 0.0, 0.0, 0.0, 0.1100709771886712, 0.12562199129726037, 0.13216517781448722, 0.15155231317593287]
392ed2fd34fa21356d3f26c71a476fd8_track0_infill_bars16_18_context_2_generationtime_1.3384549617767334.mid | 0.13 | [0.0, 0.034409322745278526, 0.0609527371456382, 0.07671876980756887, 0.06724115175800094, 0.09662651584557025, 0.10048460228797396, 0.10411336442390917, 0.10530943278869975, 0.09675121986915125, 0.0851018661078321, 0.04858144181270008, 0.039558301886480685, 0.007890488098710291, 0.0260120530519804, 0.06944571362007357, 0.12711332081602678, 0.18957032233875748, 0.2447694010400081, 0.29530388661311646, 0.32626316696910895, 0.3529043192575797, 0.3537662772726181, 0.35065062043584183, 0.3300360664372728, 0.26025422852117464, 0.1835282516755996, 0.12359545508497827, 0.0632812345185918, 0.0, 0.0, 0.0]
4bff21c17a38b600a5880af015a44d9f_track5_infill_bars24_26_context_2_generationtime_0.6821165084838867.mid | 0.50 | [1.0, 1.0, 1.0, 0.9863939238765759, 0.9486832982086276, 0.9009127522458016, 0.8270715545518308, 0.8269717947660011, 0.7808426266555021, 0.7425163063214718, 0.7543213778197793, 0.7955062265287325, 0.7416632263178846, 0.6653521755017651, 0.5479547601892213, 0.4189415173011882, 0.344107465399475, 0.307589291413515, 0.4237409052918514, 0.4395494476738374, 0.48050559659440073, 0.45481544691944165, 0.3177352237511778, 0.1503072524764305, 0.0356317017633504, 0.04672559914562868, 0.07913298172011218, 0.048215622708111305, 0.0, 0.0, 0.0, 0.0]
53d7095fe85fbc8b92e312037af18fc4_track3_infill_bars68_70_context_2_generationtime_0.7441666126251221.mid | 0.15 | [0.0, 0.0, 0.0, 0.0, 0.0, 0.0, 0.0, 0.0, 0.0, 0.0, 0.0, 0.0, 0.0, 0.3937993124129511, 0.496787054916888, 0.5477225575051662, 0.5477225575051662, 0.5477225575051662, 0.5477225575051662, 0.5810258497294076, 0.5958841316622332, 0.5773502691896258, 0.0, 0.0, 0.0, 0.0, 0.0, 0.0, 0.0, 0.0, 0.0, 0.0]
33be95cce6b29acb67862ef964ebfd0a_track12_infill_bars52_54_context_2_generationtime_1.0911810398101807.mid | 0.32 | [1.0, 1.0, 1.0, 1.0, 1.0, 1.0, 0.9999999999999999, 1.0, 0.0, 0.0, 0.0, 0.0, 0.0, 0.0, 0.0, 0.0, 0.0, 0.0, 0.0, 0.0, 0.0, 0.0, 0.0, 0.0, 0.0, 0.0, 0.0, 0.1807392228230128, 0.3872983346207417, 0.450377349111045, 0.5163977794943222, 0.5547001962252291]
5a13d541bb7b2de8c31c94e04ba5fa94_track0_infill_bars40_42_context_2_generationtime_1.0568723678588867.mid | 0.43 | [0.5848279039064936, 0.7151323574593618, 0.7286511500738431, 0.6993484636206327, 0.6761554482852369, 0.6761554482852369, 0.7102353729676896, 0.7367599371751297, 0.7102353729676896, 0.7102353729676896, 0.7020645646624903, 0.7305794174902105, 0.7305794174902105, 0.7596525258893223, 0.7460984349525673, 0.7462952561273801, 0.7185783893465479, 0.595022538746887, 0.505920840173675, 0.3907620352309402, 0.1804041701734571, 0.09822902605419126, 0.0, 0.0, 0.0, 0.0, 0.0, 0.0, 0.0, 0.0, 0.0, 0.0]
ecf6d9d849687fcc2a53d2c8d553e914_track0_infill_bars40_42_context_2_generationtime_1.6755175590515137.mid | 0.02 | [0.0, 0.0, 0.0, 0.0, 0.0, 0.0, 0.0, 0.0, 0.0, 0.0, 0.0, 0.23769354353993166, 0.09617240547194994, 0.08136956062529455, 0.06782682167877718, 0.054844595052624734, 0.03711785364299547, 0.023573164149850556, 0.013251960462623114, 0.004458153691832889, 0.0, 0.0, 0.0, 0.0, 0.0, 0.0, 0.0, 0.0, 0.0, 0.0, 0.0, 0.0]
9565f5ead9a2627e63bbc8360ebc50b7_track2_infill_bars12_14_context_2_generationtime_0.436572790145874.mid | 0.38 | [0.816496580927726, 0.6622661785325219, 0.662266178532522, 0.6622661785325219, 0.5773502691896258, 0.0, 0.0, 0.0, 0.0, 0.0, 0.28676287335984463, 0.28676287335984463, 0.2725281135638038, 0.2725281135638038, 0.3590167127770709, 0.3590167127770709, 0.35498483969529504, 0.4452949765395846, 0.5020243747339252, 0.6119344369681735, 0.6218579623937537, 0.5989154400917787, 0.429872292626592, 0.4109348394309549, 0.4109348394309549, 0.429872292626592, 0.429872292626592, 0.33333333333333337, 0.33333333333333326, 0.33333333333333326, 0.33333333333333326, 0.33333333333333326]
48192c7be9e7fe07b883f511fd355daf_track5_infill_bars8_10_context_2_generationtime_0.7617619037628174.mid | 0.39 | [0.03510584962936236, 0.308409272827992, 0.4757965609499373, 0.568714376275053, 0.5925986591531701, 0.7416198487095663, 0.9036961141150639, 0.9968213706278284, 0.945518685196089, 0.8242202260598501, 0.5555138398796481, 0.5547001962252291, 0.4815223888767737, 0.2598447436680167, 0.06758736668159537, 0.15075567228888176, 0.18257418583505536, 0.08006407690254358, 0.0, 0.0, 0.0, 0.01791788517284998, 0.1006977103207436, 0.32009307351935523, 0.4799873114406066, 0.5931524661508452, 0.6797002606318983, 0.6591876664095636, 0.4551692371741989, 0.28403205757127825, 0.09739101510366854, 0.0]
c21b679eac4425a4f3e51999f64d7a2a_track0_infill_bars36_38_context_2_generationtime_1.3784043788909912.mid | 0.23 | [0.0, 0.0, 0.0, 0.0, 0.0, 0.0, 0.0, 0.0, 0.0, 0.0, 0.0, 0.7276068751089989, 0.727606875108999, 0.7276068751089989, 0.7276068751089989, 0.7276068751089989, 0.7276068751089989, 0.7276068751089989, 0.7276068751089989, 0.727606875108999, 0.7276068751089989, 0.0, 0.0, 0.0, 0.0, 0.0, 0.0, 0.0, 0.0, 0.0, 0.0, 0.0]
8770153ee35cdf90c71793cc9a523950_track0_infill_bars16_18_context_2_generationtime_0.4847872257232666.mid | 0.60 | [0.9951333266643525, 0.9929871942626499, 0.9913410932849991, 0.9900605964487601, 0.9890433156734895, 0.9851026648456589, 0.9805806756909202, 0.9840188599702602, 0.985184359821606, 0.9839850007721916, 0.9857273395473711, 0.9850660667047575, 0.9819443446940967, 0.9756178250670192, 0.9730470030180393, 0.9641258166741319, 0.9160631163310551, 0.8252676951309255, 0.7031620485089096, 0.5493371941068381, 0.37681049476803685, 0.18783073018432495, 0.0, 0.0, 0.0, 0.0, 0.0, 0.0, 0.0, 0.0, 0.0, 0.0]
685966a42476b676b8382ba8f5904524_track1_infill_bars16_18_context_2_generationtime_0.32659006118774414.mid | 0.14 | [0.0, 0.0, 0.0, 0.0, 0.0, 0.0, 0.0, 0.0, 0.0, 0.0, 0.0, 0.0, 0.0, 0.316227766016838, 0.5, 0.5883484054145521, 0.5669467095138409, 0.7807200583588265, 0.9128709291752768, 0.9733285267845753, 0.0, 0.0, 0.0, 0.0, 0.0, 0.0, 0.0, 0.0, 0.0, 0.0, 0.0, 0.0]
eeb3b7f3459a8ec5c89ba7091bfeca38_track9_infill_bars32_34_context_2_generationtime_0.7043709754943848.mid | 0.38 | [0.5191330518437239, 0.626342823485797, 0.5794044137611575, 0.4840596185522288, 0.42242319613260637, 0.6321993494726466, 0.8118045029072335, 0.9279561433126192, 0.9332694269442873, 0.8327864634150884, 0.5220410243396815, 0.234284310874187, 0.0, 0.055355472307950015, 0.10032869913121634, 0.06871547342433582, 0.05374284051805989, 0.13842952178652457, 0.1161115125036426, 0.0927453877920339, 0.14103449872448248, 0.20826449713364248, 0.2517024245304812, 0.34010506972275634, 0.3470820966722439, 0.43714672162711965, 0.5402278821137259, 0.4423723317630608, 0.3022546944930946, 0.3221423318742528, 0.3296979131254367, 0.37081985332058354]
79b9069b3c0712951b5d08b79d68331e_track1_infill_bars52_54_context_2_generationtime_1.0845272541046143.mid | 0.37 | [0.19388613358800522, 0.22593103775735923, 0.21354586748852755, 0.2188691148502342, 0.19165632468736937, 0.17721239450847381, 0.19995079676499683, 0.19995079676499683, 0.2037256415578299, 0.18635538169838184, 0.2037256415578298, 0.212686493438623, 0.32862927462732106, 0.5304393657133881, 0.6705164300962535, 0.7603951803787887, 0.755482522729659, 0.6633310383398622, 0.691995177416834, 0.5392194744066919, 0.36025827779771835, 0.3613364306092972, 0.3613364306092972, 0.3613364306163802, 0.3756364312419813, 0.38179609907158507, 0.3769150313253098, 0.3769150313253097, 0.3956282003074084, 0.39883687026286196, 0.4018394804100811, 0.41180111064639324]
21484a8b04c4135d3526641e70f1aca0_track4_infill_bars24_26_context_2_generationtime_1.313258409500122.mid | 0.22 | [0.0, 0.0, 0.0, 0.0, 0.0, 0.0, 0.0, 0.0, 0.0, 0.5815224637273272, 0.3365567702095581, 0.09431175658537505, 0.39526178857885363, 0.5197460981709507, 0.5436329604240046, 0.5299162865263057, 0.5998133059709769, 0.5503493661360626, 0.5265151047116642, 0.4737076433265295, 0.5325264789871736, 0.5047516514213847, 0.484623274380403, 0.2997336492932319, 0.13363062118384017, 0.0, 0.0, 0.0, 0.0, 0.0, 0.0, 0.0]
54dea68f0916f10865500abfcbf241f8_track0_infill_bars20_22_context_2_generationtime_0.4382011890411377.mid | 0.16 | [0.0, 0.0, 0.0, 0.0, 0.0, 0.0, 0.0, 0.0, 0.0, 0.0, 0.0, 0.0, 0.0, 0.0, 0.0, 0.19069251784911845, 0.18257418583505536, 0.057735026918962595, 0.0, 0.0, 0.0, 0.33333333333333326, 0.6666666666666666, 0.8635020557922259, 0.7736915168168533, 0.7736915168168532, 0.6933863385801009, 0.6933863385801009, 0.0, 0.0, 0.0, 0.0]
aaf3fda5f66c04bc556b722f9b457f0b_track8_infill_bars100_102_context_2_generationtime_0.6649923324584961.mid | 0.03 | [0.0, 0.0, 0.0, 0.0, 0.0, 0.0, 0.0, 0.0, 0.0, 0.0, 0.0, 0.33333333333333326, 0.0, 0.0, 0.0, 0.16169041669088868, 0.13245323570650436, 0.11162911443718948, 0.09622504486493766, 0.04508348173337162, 0.0, 0.0, 0.0, 0.0, 0.0, 0.0, 0.0, 0.0, 0.0, 0.0, 0.0, 0.0]
7bc2a8343e3fd237e57af7e8e475dec9_track1_infill_bars4_6_context_2_generationtime_0.3802032470703125.mid | 0.32 | [1.0, 1.0, 1.0, 0.9486832980505139, 0.9486832980505138, 0.816496580927726, 0.0, 0.0, 0.0, 0.0, 0.0, 0.0, 0.0, 0.0, 0.48507125007266594, 0.5144957554275265, 0.5039526306789697, 0.6499336836196815, 0.5976143046671968, 0.4588314677411235, 0.2860387767736776, 0.22821773229381925, 0.0, 0.0, 0.0, 0.02411626894056451, 0.0, 0.13862798729523917, 0.14401366573643304, 0.1503465339692147, 0.14100687978937898, 0.09037794217343631]
b3deffce36f70bd37ca3cb7d71b2e3bc_track17_infill_bars60_62_context_2_generationtime_1.423764705657959.mid | 0.84 | [1.0, 1.0, 1.0, 1.0, 1.0, 1.0, 1.0, 1.0, 1.0, 1.0, 1.0, 1.0, 1.0, 0.994975803696766, 0.9784154999431725, 0.9486894870073904, 0.9054286681542681, 0.8498557773588191, 0.7846477032769942, 0.7133481993049926, 0.6396021490668313, 0.6396021490668313, 0.6396021490668313, 0.6396021490668313, 0.6396021490668313, 0.6396021490668313, 0.6396021490668313, 0.6396021490668313, 0.6396021490668313, 0.6396021490668313, 0.6396021490668312, 0.6396021490668313]
5a1d15711222e4b4ebbee0f8fabca3d4_track4_infill_bars28_30_context_2_generationtime_0.7015817165374756.mid | 0.39 | [0.7071067811865475, 0.6655122647608235, 0.5656854252806089, 0.46354008140855374, 0.3904147607728785, 0.44318465277893404, 0.44811674714518657, 0.35574564985569745, 0.22139275923281065, 0.2823774049737212, 0.25206117045154786, 0.19349446135272164, 0.17441355048138074, 0.2490495537152888, 0.408248290463863, 0.5883484054145521, 0.7071067811865476, 0.8488746876392923, 0.900000000075, 0.8488746878518675, 0.7071067816284893, 0.5144957560580359, 0.3162277667283504, 0.14142135623730945, 0.0, 0.0, 0.0, 0.04700620813873169, 0.17441355048138074, 0.2292590815486104, 0.3049434191789844, 0.40578849118264493]
9a46cd0e4b6e87429f02629f9282c1a9_track0_infill_bars12_14_context_2_generationtime_0.2751588821411133.mid | 0.47 | [0.0, 0.23529411764705888, 0.3999999999999999, 0.5237229365663818, 0.5773502691896258, 0.6659120918162917, 0.7071067811865476, 0.6201736729460423, 0.408248290463863, 0.22917462425705282, 0.0, 0.0, 0.0, 0.0, 0.0, 0.0, 0.0, 0.13867504905630734, 0.28867513459481287, 0.46153846153846145, 0.5773502691896258, 0.6659120918162917, 0.7071067811865476, 0.681385143869247, 0.6324555320336759, 0.7669649888473704, 0.8485281374238569, 0.970725343394151, 0.9999999999999999, 1.0, 1.0, 1.0]
428e3d6cfec087cff6c6f725641c4fb8_track4_infill_bars28_30_context_2_generationtime_1.131387710571289.mid | 0.21 | [0.7314676046566062, 0.5608968060809421, 0.42565189484778543, 0.3408122013522521, 0.33255042341481755, 0.11159000583777479, 0.11159000583777479, 0.11159000583777479, 0.11183545350720214, 0.08224793773890249, 0.15516907308383998, 0.0, 0.0, 0.16753390996064155, 0.16753390996064155, 0.1763877069135369, 0.1814986779300075, 0.2150868499495069, 0.17331774786788512, 0.121391228029193, 0.12292923422192692, 0.12155418024080156, 0.12017345355644904, 0.12168520169639463, 0.11786645287429198, 0.0727447122980246, 0.1487093763560764, 0.15282611360853016, 0.2735708161613961, 0.3344381171503379, 0.4186890840444184, 0.5009179159566266]
33b2107872b4a995c62f82b4c8954715_track6_infill_bars4_6_context_2_generationtime_0.8282039165496826.mid | 0.49 | [0.9394470376025789, 0.9394470376025787, 0.9394470376025789, 0.9394470376025789, 0.9394470376025789, 0.9082622170937318, 0.8409862191496761, 0.6510938627758284, 0.0, 0.0, 0.0, 0.0, 0.0, 0.7777215426805856, 0.7633823237629208, 0.7189589765426553, 0.6451960204448555, 0.5484768678726727, 0.4706164829443866, 0.45372359435811194, 0.38575837509810906, 0.41545752522458446, 0.43292529661949897, 0.4339248911453114, 0.4193060217880207, 0.4326352695586113, 0.42630732164288154, 0.4026804178620149, 0.36919297056248956, 0.3561464619146435, 0.0, 0.0]
59fb8a91afef6a771a18385e55e8fda4_track2_infill_bars4_6_context_2_generationtime_0.6338911056518555.mid | 0.49 | [0.9822902576991375, 0.9083194271291319, 0.8075916564177765, 0.7071067811865476, 0.6187154009755514, 0.4285699217582227, 0.24665800855241315, 0.09136364613867665, 0.0, 0.0, 0.0, 0.09136364613867665, 0.24665800855241304, 0.5902664486908333, 0.8289073834871294, 0.9625859431298552, 0.9999604472924967, 0.9697346878108108, 0.8749676054081228, 0.7687532282651455, 0.7071067811865475, 0.7071067811865475, 0.6368706836136476, 0.5447293198894553, 0.5078591685790381, 0.4979059636049483, 0.43749785565436616, 0.3338838393691269, 0.20863858976002547, 0.09088683344772253, 0.0, 0.0]
dcd046b058c52f09e9c2d6a4e527b001_track3_infill_bars68_70_context_2_generationtime_1.1342942714691162.mid | 0.48 | [0.0, 0.0, 0.0, 0.0, 0.0, 0.0, 0.0, 0.0, 0.0, 0.0, 0.0, 0.8561478487014411, 0.8561478487014411, 0.7314889935776969, 0.5535541083113471, 0.41084087954814796, 0.42185804492913936, 0.5201880030122318, 0.49089563326460783, 0.5569241707696441, 0.6873717434021944, 0.7650277168375699, 0.8670582412961919, 0.9122615581745759, 0.9163965059770979, 0.916396506003165, 0.9411461359678907, 0.9570960905541674, 0.9375122947754199, 0.8470953309081666, 0.6666666666666666, 0.408248290463863]
1c99d0d6298b3c55c3ad4cc4a009e04b_track5_infill_bars64_66_context_2_generationtime_0.6887469291687012.mid | 0.76 | [0.0, 1.0, 1.0, 1.0, 1.0, 1.0, 1.0, 1.0, 1.0, 1.0, 1.0, 1.0, 1.0, 0.9707253433941511, 0.9707253433941511, 0.9707253433941511, 0.9707253433941511, 0.8660254037844386, 0.8660254037844386, 0.6933752452815364, 0.5000000000000001, 0.5, 0.5, 0.5, 0.5, 0.5, 0.5, 0.5000000000000001, 0.5000000000000001, 0.5, 0.5, 0.5]
